Пример перемешанный массив чисел от 1 до 10: 
[5, 3, 7, 1, 9, 4, 6, 2, 8, 10]
Сравниваем попарно слева направо с 1-го по 10-й элемент, наибольший всплывает в конец.  Если левый больше правого, то меняем их местами.

Шаг 1. 
Сравниваем 5,3 -> меняем -> [3, 5, 7, 1, 9, 4, 6, 2, 8, 10]
 5,7 -> порядок верный, ничего не меняем
 7,1 -> меняем -> [3, 5, 1, 7, 9, 4, 6, 2, 8, 10]
 7,9 -> верно
 9,4 -> [3, 5, 1, 7, 4, 9, 6, 2, 8, 10]
 9,6 -> [3, 5, 1, 7, 4, 6, 9, 2, 8, 10]
 9,2 -> [3, 5, 1, 7, 4, 6, 2, 9, 8, 10]
 9,8 -> [3, 5, 1, 7, 4, 6, 2, 8, 9, 10]
 9,10 -> верно
Результат после выполнения Шага 1: [3, 5, 1, 7, 4, 6, 2, 8, 9, 10]

Шаг 2. 
3,5 -> верно
5,1 -> [3, 1, 5, 7, 4, 6, 2, 8, 9, 10]
5,7 -> верно
7,4 -> [3, 1, 5, 4, 7, 6, 2, 8, 9, 10]
7,6 -> [3, 1, 5, 4, 6, 7, 2, 8, 9, 10]
7,2 -> [3, 1, 5, 4, 6, 2, 7, 8, 9, 10]
7,8 -> верно
Результат после Шага 2: [3, 1, 5, 4, 6, 2, 7, 8, 9, 10]
Шаг 3.
3,1 -> [1, 3, 5, 4, 6, 2, 7, 8, 9, 10]
3,5 -> верно
5,4 -> [1, 3, 4, 5, 6, 2, 7, 8, 9, 10]
5,6 -> верно
6,2 -> [1, 3, 4, 5, 2, 6, 7, 8, 9, 10]
6,7 -> верно
Результат: [1, 3, 4, 5, 2, 6, 7, 8, 9, 10]

Шаг 4. 
1,3 -> верно
3,4 -> верно
4,5 -> верно
5,2 -> [1, 3, 4, 2, 5, 6, 7, 8, 9, 10]
5,6 -> верно
Результат: [1, 3, 4, 2, 5, 6, 7, 8, 9, 10]

Шаг 5.
1,3 -> верно
3,4 -> верно
4,2 -> [1, 3, 2, 4, 5, 6, 7, 8, 9, 10]
4,5 -> верно
Результат: [1, 3, 2, 4, 5, 6, 7, 8, 9, 10]

Шаг 6. 
1,3 -> верно
3,2 -> [1, 2, 3, 4, 5, 6, 7, 8, 9, 10]
3,4 -> верно
Результат: [1, 2, 3, 4, 5, 6, 7, 8, 9, 10]
Шаг 7.
1,2 -> верно
2,3 -> верно
Результат: [1, 2, 3, 4, 5, 6, 7, 8, 9, 10]

Шаг 8.
1,2 -> верно
Результат: [1, 2, 3, 4, 5, 6, 7, 8, 9, 10]

!!! Шаги 7 и 8 нужны для финальной проверки, что массив уже полностью отсортирован и никакие перестановки больше не требуются.
